1.7320672653052043
3.063981320572907
5.5463120144887625
5.708472938946102
0.6457152124947356
5.987951180970413
0.858613735577137
15.74831847516191
4.402860252676049
1.9596412673391796
3.108253973558874
2.866210419846084
0.11484531883547788
1.7320672653052043
3.063981320572907
5.5463120144887625
5.708472938946102
0.6457152124947356
5.987951180970413
0.858613735577137
15.74831847516191
4.402860252676049
1.9596412673391796
3.108253973558874
2.866210419846084
0.11484531883547788
11.687661194034035
0.2913785718219515
7.817522111993583
6.507068820837958e-05
1.6975645379201296
8.966263844011849
2.077358836643157
6.767826305142478
1.466244336925513
1.2898541954688767
6.210690634954403
2.3223766503251113
1.7738693666491088
1.0707702813306241e-07
4.694943590371793
2.450912617453696
1.385663820358559
0.6404963221675075
0.2520616660187329
6.944592585548662
9.829347858310882
13.728578268783338
35.82842754356801
6.295577714907154
5.672037188378113
6.367885845259593
5.83681592516848
2.0490350190309528
1.2131057665233982
0.37747757500301304
3.8203881504887818
3.61736187614423
2.715028759656832
4.903461036165368
0.6076421629837228
0.6647334304710171
1.6263759285656079
10.909043538945468
0.4788435256908201
10.997085865019699
8.06444138613989
14.103499849961139
8.384749404128172
12.012515352956001
8.210373610172553
1.1519418966326498
1.010580771312334
12.3962830534241
2.3161050767908478
5.713898634923282
4.362513458750016
9.408794875298554e-05
0.4808601201725651
11.1601898190155
0.1708784748901735
0.864470895232671
5.863257155733891
3.9192077582570164
1.8551842363018523
5.990218141960213e-06
3.331760440227015
8.309810882408101
3.759410325505314
7.153741932168941
-1.3352916994335828e-08
12.188303816743087
1.9120990469959906
7.727357651508555
9.029850787101168e-06
4.762666897959662
-5.325159690983128e-08
1.6164250508400642
8.250007385941615
2.0195758281715825e-05
5.424493362982389
0.9615587686520826
6.142367418820612
-9.197822237183573e-08
2.125125884792908
20.43344628403014
9.682666973392259
3.509119619327862
0.15556248028104847
4.482861371948815
0.465561529694412
2.571478982222743
4.115415008507227
