1.7320672653052043
3.063981320572907
5.5463120144887625
5.708472938946102
0.6457152124947356
5.987951180970413
0.858613735577137
15.74831847516191
4.402860252676049
1.9596412673391796
3.108253973558874
2.866210419846084
0.11484531883547788
11.687661194034035
0.2913785718219515
7.817522111993583
6.507068820837958e-05
1.6975645379201296
8.966263844011849
2.077358836643157
6.767826305142478
1.466244336925513
1.2898541954688767
6.210690634954403
2.3223766503251113
1.7738693666491088
1.0707702813306241e-07
4.694943590371793
2.450912617453696
1.385663820358559
0.6404963221675075
0.2520616660187329
6.944592585548662
9.829347858310882
13.728578268783338
2.93791257804088
2.0268396508095066
3.3837026742061767
1.741173260188134
0.7022102651682189
1.02105559562915e-08
2.654175758314466
2.843117126267998
3.3919395533743
6.05477317435205
6.411430315736652
5.059161480858165e-06
3.0313997835099826
3.5307514934937956
2.0835542923598496
3.0362149815971975
11.406120941939378
3.557188588667657
4.849296096099749
0.019076273246184883
1.8048818358722656
5.122151648641989
5.5259267242036e-06
9.848937385510794
3.3334614082825738
9.710540144135393
3.8742350056963915e-06
9.739407289544033e-06
2.8724671294070276
2.7091741714799866
15.977533065751572
6.5209004092034775
5.3140277243244896
6.2796400940412695
3.591209376357085
1.0809614694234142
7.602127407341015
1.3943228684655082
0.8426750064530779
5.469153392496992
5.865364563390301
8.689576907071853
1.642038869574833
23.211621095720545
7.715390900727414
4.577515016599136
13.574111228199513
4.442665085977183
4.1890923348676665
3.1782212609091403
1.4586501106103924
15.005135344185192
3.1645977819299276
3.0297839941839584
8.753255388064133
6.025870443419649
2.983504940695468
1.81652490538778
19.177838281861
11.475000596233599
9.898967500636388
2.2668659218572884
1.7943419792043187
1.737875012102279
9.531546882009081
1.3454100244952087
2.9997109750680124
32.77270327342882
-5.229072939982871e-06
6.244569070521976
13.683518450150814
3.2316238194223956
2.4498080920050143
1.390076818097441e-07
9.066674678953746
4.125153001909553
7.402447131773329
1.9343764342727923
1.8063002371368384
6.882868731198897
3.4494211825987975
4.209574079112485
2.5983946148833184
8.380323581154016
0.7805111558693625
5.6057257039178126
1.4502542626403852
13.877569273589302
14.59994270700804
1.69985234207644
1.3084168882729728
8.288810590784124e-06
12.400042286807661
1.2831336785124563
4.4966144492073
8.007165421148613
-6.589996132788656e-06
9.410258453685856
1.625838694963022e-05
6.163611697366093
1.7320672653052043
3.063981320572907
5.5463120144887625
5.708472938946102
0.6457152124947356
5.987951180970413
0.858613735577137
15.74831847516191
4.402860252676049
1.9596412673391796
3.108253973558874
2.866210419846084
0.11484531883547788
11.687661194034035
0.2913785718219515
7.817522111993583
6.507068820837958e-05
1.6975645379201296
8.966263844011849
2.077358836643157
6.767826305142478
1.466244336925513
1.2898541954688767
6.210690634954403
2.3223766503251113
1.7738693666491088
1.0707702813306241e-07
4.694943590371793
2.450912617453696
1.385663820358559
0.6404963221675075
0.2520616660187329
6.944592585548662
9.829347858310882
13.728578268783338
35.82842754356801
6.295577714907154
5.672037188378113
6.367885845259593
5.83681592516848
2.0490350190309528
1.2131057665233982
0.37747757500301304
3.8203881504887818
3.61736187614423
2.715028759656832
4.903461036165368
0.6076421629837228
0.6647334304710171
1.6263759285656079
10.909043538945468
0.4788435256908201
10.997085865019699
8.06444138613989
14.103499849961139
8.384749404128172
12.012515352956001
8.210373610172553
1.1519418966326498
1.010580771312334
12.3962830534241
2.3161050767908478
5.713898634923282
4.362513458750016
9.408794875298554e-05
0.4808601201725651
11.1601898190155
0.1708784748901735
0.864470895232671
5.863257155733891
3.9192077582570164
1.8551842363018523
5.990218141960213e-06
3.331760440227015
8.309810882408101
3.759410325505314
7.153741932168941
-1.3352916994335828e-08
12.188303816743087
1.9120990469959906
7.727357651508555
9.029850787101168e-06
4.762666897959662
-5.325159690983128e-08
1.6164250508400642
8.250007385941615
2.0195758281715825e-05
5.424493362982389
0.9615587686520826
6.142367418820612
-9.197822237183573e-08
2.125125884792908
20.43344628403014
9.682666973392259
3.509119619327862
0.15556248028104847
4.482861371948815
0.465561529694412
2.571478982222743
4.115415008507227
1.7320672653052043
3.063981320572907
5.5463120144887625
5.708472938946102
0.6457152124947356
5.987951180970413
0.858613735577137
15.74831847516191
4.402860252676049
1.9596412673391796
3.108253973558874
2.866210419846084
0.11484531883547788
11.687661194034035
0.2913785718219515
7.817522111993583
6.507068820837958e-05
1.6975645379201296
8.966263844011849
2.077358836643157
6.767826305142478
1.466244336925513
1.2898541954688767
6.210690634954403
2.3223766503251113
1.7738693666491088
1.0707702813306241e-07
4.694943590371793
2.450912617453696
1.385663820358559
0.6404963221675075
0.2520616660187329
6.944592585548662
9.829347858310882
13.728578268783338
35.82842754356801
6.295577714907154
5.672037188378113
6.367885845259593
5.83681592516848
2.0490350190309528
1.2131057665233982
0.37747757500301304
3.8203881504887818
3.61736187614423
2.715028759656832
4.903461036165368
0.6076421629837228
0.6647334304710171
1.6263759285656079
10.909043538945468
0.4788435256908201
10.997085865019699
8.06444138613989
14.103499849961139
8.384749404128172
12.012515352956001
8.210373610172553
1.1519418966326498
1.010580771312334
12.3962830534241
2.3161050767908478
5.713898634923282
4.362513458750016
9.408794875298554e-05
0.4808601201725651
11.1601898190155
0.1708784748901735
0.864470895232671
5.863257155733891
3.9192077582570164
1.8551842363018523
5.990218141960213e-06
3.331760440227015
8.309810882408101
3.759410325505314
7.153741932168941
-1.3352916994335828e-08
12.188303816743087
1.9120990469959906
7.727357651508555
9.029850787101168e-06
4.762666897959662
-5.325159690983128e-08
1.6164250508400642
8.250007385941615
2.0195758281715825e-05
5.424493362982389
0.9615587686520826
6.142367418820612
-9.197822237183573e-08
2.125125884792908
20.43344628403014
9.682666973392259
3.509119619327862
0.15556248028104847
4.482861371948815
0.465561529694412
2.571478982222743
4.115415008507227
